0.6525575
3.341522
4.064177
4.648464
6.055982
4.179454
2.530978
2.426928
3.217559
2.042179
3.015366
2.658875
5.597785
1.209992
4.035158
3.306995
4.327351
3.879521
2.495495
6.110491
6.664741
0.0474987
3.492529
6.550837
1.484789
0.129237
0.2099104
5.006716
3.594089
6.228987
2.858553
2.263712
5.295702
0.2617844
3.080263
1.459352
4.168787
0.8793442
0.8103451
3.228026
0.478946
2.977913
0.4388878
2.723228
6.441794
1.174661
2.51079
2.784111
6.653323
6.175299
0.9081983
2.025485
5.821082
0.5876084
4.137967
3.126953
3.066263
6.999624
1.255297
2.221799
3.25483
1.069081
6.513508
2.13027
3.146532
3.278885
1.738866
0.9843396
0.3111647
2.457308
4.218279
1.218712
1.657908
2.026737
0.1982621
1.349653
2.655523
5.952068
1.493459
6.350247
1.124388
0.8980473
2.885547
2.735564
1.450132
4.862183
1.032796
1.378633
0.7544727
1.86575
0.959482
1.765383
2.965506
0.7747571
0.432923
1.08
1.870243
0.3800637
0.9854102
2.030497
3.992241
4.283886
4.380882
2.252137
4.531439
1.916861
5.219298
1.303095
0.6155031
2.491046
4.589264
2.440024
5.059259
3.516345
7.297337
2.154952
3.794336
7.665221
2.006443
0.9298319
1.340263
1.983067
2.353866
2.188401
2.142271
2.178219
4.333184
3.997885
3.879227
2.091336
1.290131
2.329881
1.273789
2.622512
4.719594
1.924189
3.673557
1.668463
1.869817
1.698618
2.047077
0.4157323
2.09772
1.09307
8.317783
3.294377
4.818033
4.915889
0.7117765
1.228685
